Accuracy = 64.2857% (45/70) (classification)
precission = 0.8  recall = 0.72727275

Accuracy = 55.7143% (39/70) (classification)
precission = 0.5555556  recall = 0.92105263

Accuracy = 67.1429% (47/70) (classification)
precission = 0.61538464  recall = 0.30769232

Accuracy = 51.4286% (36/70) (classification)
precission = 0.5714286  recall = 0.51282054

